0
0.142714
1
0.0129467
2
0.0129467
3
0.00389947
4
0.0129467
5
0.00389947
6
0.00389947
7
0.00389947
8
0.0129467
9
0.00389947
10
0.0011745
11
0.0011745
12
0.0011745
13
0.0011745
14
0.000353751
15
0.0011745
16
0.0129467
17
0.0011745
18
0.00389947
19
0.0011745
20
0.0011745
21
0.000353751
22
0.0011745
23
0.0011745
24
0.00389947
25
0.0011745
26
0.0011745
27
0.0011745
28
0.000353751
29
0.000353751
30
0.000353751
31
0.0011745
32
0.0129467
33
0.0011745
34
0.0011745
35
0.000353751
36
0.00389947
37
0.0011745
38
0.0011745
39
0.0011745
40
0.00389947
41
0.0011745
42
0.000353751
43
0.000353751
44
0.0011745
45
0.0011745
46
0.000353751
47
0.0011745
48
0.00389947
49
0.000353751
50
0.0011745
51
0.000353751
52
0.0011745
53
0.000353751
54
0.0011745
55
0.0011745
56
0.00389947
57
0.0011745
58
0.0011745
59
0.0011745
60
0.0011745
61
0.0011745
62
0.0011745
63
0.00389947
64
0.0129467
65
0.00389947
66
0.0011745
67
0.0011745
68
0.0011745
69
0.0011745
70
0.000353751
71
0.0011745
72
0.00389947
73
0.00389947
74
0.000353751
75
0.0011745
76
0.000353751
77
0.0011745
78
0.000106548
79
0.0011745
80
0.0011745
81
0.000353751
82
0.000353751
83
0.000353751
84
0.000106548
85
0.000106548
86
0.000106548
87
0.000353751
88
0.0011745
89
0.0011745
90
0.000353751
91
0.0011745
92
0.000106548
93
0.000353751
94
0.000106548
95
0.0011745
96
0.0011745
97
0.000353751
98
0.000106548
99
0.000106548
100
0.000353751
101
0.000353751
102
0.000106548
103
0.000353751
104
0.0011745
105
0.0011745
106
0.000106548
107
0.000353751
108
0.000353751
109
0.0011745
110
0.000106548
111
0.0011745
112
0.000353751
113
0.000106548
114
0.000106548
115
0.000106548
116
0.000106548
117
0.000106548
118
0.000106548
119
0.000353751
120
0.0011745
121
0.0011745
122
0.000353751
123
0.0011745
124
0.000353751
125
0.0011745
126
0.000353751
127
0.00389947
128
0.0129467
129
0.0011745
130
0.00389947
131
0.0011745
132
0.0011745
133
0.000353751
134
0.0011745
135
0.0011745
136
0.0011745
137
0.000353751
138
0.000353751
139
0.000353751
140
0.000106548
141
0.000106548
142
0.000106548
143
0.000353751
144
0.00389947
145
0.000353751
146
0.00389947
147
0.0011745
148
0.000353751
149
0.000106548
150
0.0011745
151
0.0011745
152
0.0011745
153
0.000353751
154
0.0011745
155
0.0011745
156
0.000106548
157
0.000106548
158
0.000353751
159
0.0011745
160
0.0011745
161
0.000106548
162
0.000353751
163
0.000106548
164
0.000353751
165
0.000106548
166
0.000353751
167
0.000353751
168
0.000353751
169
0.000106548
170
0.000106548
171
0.000106548
172
0.000106548
173
0.000106548
174
0.000106548
175
0.000353751
176
0.0011745
177
0.000106548
178
0.0011745
179
0.000353751
180
0.000353751
181
0.000106548
182
0.0011745
183
0.0011745
184
0.0011745
185
0.000353751
186
0.0011745
187
0.0011745
188
0.000353751
189
0.000353751
190
0.0011745
191
0.00389947
192
0.00389947
193
0.0011745
194
0.0011745
195
0.0011745
196
0.000353751
197
0.000353751
198
0.000353751
199
0.0011745
200
0.0011745
201
0.0011745
202
0.000353751
203
0.0011745
204
0.000106548
205
0.000353751
206
0.000106548
207
0.0011745
208
0.0011745
209
0.000353751
210
0.0011745
211
0.0011745
212
0.000106548
213
0.000106548
214
0.000353751
215
0.0011745
216
0.0011745
217
0.0011745
218
0.0011745
219
0.00389947
220
0.000106548
221
0.000353751
222
0.000353751
223
0.00389947
224
0.000353751
225
0.000106548
226
0.000106548
227
0.000106548
228
0.000106548
229
0.000106548
230
0.000106548
231
0.000353751
232
0.000353751
233
0.000353751
234
0.000106548
235
0.000353751
236
0.000106548
237
0.000353751
238
0.000106548
239
0.0011745
240
0.000353751
241
0.000106548
242
0.000353751
243
0.000353751
244
0.000106548
245
0.000106548
246
0.000353751
247
0.0011745
248
0.0011745
249
0.0011745
250
0.0011745
251
0.00389947
252
0.000353751
253
0.0011745
254
0.0011745
255
0.0129467
256
0.0129467
257
0.0011745
258
0.0011745
259
0.000353751
260
0.00389947
261
0.0011745
262
0.0011745
263
0.0011745
264
0.0011745
265
0.000353751
266
0.000106548
267
0.000106548
268
0.000353751
269
0.000353751
270
0.000106548
271
0.000353751
272
0.0011745
273
0.000106548
274
0.000353751
275
0.000106548
276
0.000353751
277
0.000106548
278
0.000353751
279
0.000353751
280
0.000353751
281
0.000106548
282
0.000106548
283
0.000106548
284
0.000106548
285
0.000106548
286
0.000106548
287
0.000353751
288
0.00389947
289
0.000353751
290
0.000353751
291
0.000106548
292
0.00389947
293
0.0011745
294
0.0011745
295
0.0011745
296
0.0011745
297
0.000353751
298
0.000106548
299
0.000106548
300
0.0011745
301
0.0011745
302
0.000353751
303
0.0011745
304
0.0011745
305
0.000106548
306
0.000353751
307
0.000106548
308
0.0011745
309
0.000353751
310
0.0011745
311
0.0011745
312
0.0011745
313
0.000353751
314
0.000353751
315
0.000353751
316
0.0011745
317
0.0011745
318
0.0011745
319
0.00389947
320
0.00389947
321
0.0011745
322
0.000353751
323
0.000353751
324
0.0011745
325
0.0011745
326
0.000353751
327
0.0011745
328
0.0011745
329
0.0011745
330
0.000106548
331
0.000353751
332
0.000353751
333
0.0011745
334
0.000106548
335
0.0011745
336
0.000353751
337
0.000106548
338
0.000106548
339
0.000106548
340
0.000106548
341
0.000106548
342
0.000106548
343
0.000353751
344
0.000353751
345
0.000353751
346
0.000106548
347
0.000353751
348
0.000106548
349
0.000353751
350
0.000106548
351
0.0011745
352
0.0011745
353
0.000353751
354
0.000106548
355
0.000106548
356
0.0011745
357
0.0011745
358
0.000353751
359
0.0011745
360
0.0011745
361
0.0011745
362
0.000106548
363
0.000353751
364
0.0011745
365
0.00389947
366
0.000353751
367
0.00389947
368
0.000353751
369
0.000106548
370
0.000106548
371
0.000106548
372
0.000353751
373
0.000353751
374
0.000353751
375
0.0011745
376
0.0011745
377
0.0011745
378
0.000353751
379
0.0011745
380
0.0011745
381
0.00389947
382
0.0011745
383
0.0129467
384
0.00389947
385
0.000353751
386
0.0011745
387
0.000353751
388
0.0011745
389
0.000353751
390
0.0011745
391
0.0011745
392
0.000353751
393
0.000106548
394
0.000106548
395
0.000106548
396
0.000106548
397
0.000106548
398
0.000106548
399
0.000353751
400
0.0011745
401
0.000106548
402
0.0011745
403
0.000353751
404
0.000353751
405
0.000106548
406
0.0011745
407
0.0011745
408
0.000353751
409
0.000106548
410
0.000353751
411
0.000353751
412
0.000106548
413
0.000106548
414
0.000353751
415
0.0011745
416
0.0011745
417
0.000106548
418
0.000353751
419
0.000106548
420
0.0011745
421
0.000353751
422
0.0011745
423
0.0011745
424
0.000353751
425
0.000106548
426
0.000106548
427
0.000106548
428
0.000353751
429
0.000353751
430
0.000353751
431
0.0011745
432
0.0011745
433
0.000106548
434
0.0011745
435
0.000353751
436
0.0011745
437
0.000353751
438
0.00389947
439
0.00389947
440
0.0011745
441
0.000353751
442
0.0011745
443
0.0011745
444
0.0011745
445
0.0011745
446
0.00389947
447
0.0129467
448
0.00389947
449
0.0011745
450
0.0011745
451
0.0011745
452
0.0011745
453
0.0011745
454
0.0011745
455
0.00389947
456
0.0011745
457
0.0011745
458
0.000353751
459
0.0011745
460
0.000353751
461
0.0011745
462
0.000353751
463
0.00389947
464
0.0011745
465
0.000353751
466
0.0011745
467
0.0011745
468
0.000353751
469
0.000353751
470
0.0011745
471
0.00389947
472
0.0011745
473
0.0011745
474
0.0011745
475
0.00389947
476
0.000353751
477
0.0011745
478
0.0011745
479
0.0129467
480
0.0011745
481
0.000353751
482
0.000353751
483
0.000353751
484
0.0011745
485
0.0011745
486
0.0011745
487
0.00389947
488
0.0011745
489
0.0011745
490
0.000353751
491
0.0011745
492
0.0011745
493
0.00389947
494
0.0011745
495
0.0129467
496
0.0011745
497
0.000353751
498
0.0011745
499
0.0011745
500
0.0011745
501
0.0011745
502
0.00389947
503
0.0129467
504
0.00389947
505
0.00389947
506
0.00389947
507
0.0129467
508
0.00389947
509
0.0129467
510
0.0129467
511
0.142714
