160
303
1
446
511
446
121
488
0
332
197
471
507
383
134
383
485
79
2
192
507
5
329
128
288
4
320
192
32
0
192
496
487
511
511
435
207
403
151
447
352
0
256
511
383
356
0
441
8
47
2
104
449
406
73
511
4
63
511
511
495
447
129
511
511
507
0
1
8
16
8
0
429
511
511
511
511
447
260
475
233
479
447
251
0
6
151
1
3
0
256
0
8
264
249
24
0
132
32
511
443
511
511
511
511
511
479
511
174
259
33
0
0
48
205
293
208
146
97
203
320
504
507
178
2
374
1
2
128
1
363
0
128
8
16
20
128
447
511
511
509
31
500
511
1
0
0
0
182
503
240
5
511
511
157
7
63
2
511
499
18
4
0
0
63
12
218
0
64
16
0
194
34
0
16
32
186
365
123
32
36
288
64
48
45
39
3
16
0
0
0
256
0
8
0
0
40
323
203
507
255
511
379
495
383
509
511
364
192
8
0
134
135
73
4
0
0
128
0
0
281
18
18
34
1
507
511
511
511
479
511
69
194
68
20
326
6
0
256
453
210
1
176
0
2
128
416
0
0
8
292
0
459
455
511
511
487
432
474
320
0
0
129
0
0
64
449
0
0
292
93
511
383
130
391
8
44
4
159
507
511
486
503
466
65
386
0
0
66
0
31
40
438
159
9
4
77
152
239
0
55
507
504
187
495
511
511
455
0
0
0
1
272
11
511
511
302
511
509
256
0
0
0
0
0
64
0
5
381
511
364
511
383
510
155
80
32
274
260
89
511
511
503
511
302
329
446
509
509
105
408
3
144
505
438
72
384
16
349
255
457
0
16
2
280
260
73
502
136
0
34
217
48
0
0
50
130
0
0
44
190
0
0
44
463
203
511
445
498
251
511
511
97
479
23
190
1
0
328
251
218
136
511
7
352
1
32
207
11
8
310
511
53
65
0
0
451
509
269
507
4
390
495
511
2
333
439
260
0
256
80
256
7
1
0
263
16
356
61
7
471
511
511
479
123
4
365
503
511
475
507
511
511
510
276
301
420
120
16
0
0
423
511
376
511
511
511
4
1
1
0
260
1
7
470
486
504
447
439
436
127
0
0
251
200
0
8
505
475
447
511
493
365
127
507
511
379
0
320
162
511
62
147
6
0
368
447
511
223
0
1
128
32
347
511
511
511
495
511
1
6
383
447
253
509
5
80
0
192
454
438
130
511
207
325
256
264
434
0
128
0
256
0
0
0
50
0
17
16
319
455
192
139
9
160
5
386
511
24
301
443
422
511
135
146
1
40
256
10
511
374
319
319
195
72
511
253
479
511
511
511
511
25
507
511
439
0
9
503
449
288
0
289
0
0
254
511
378
192
159
503
509
495
216
65
91
22
447
0
256
28
104
0
4
0
427
333
16
320
511
197
511
191
507
511
509
447
511
8
484
481
504
122
52
453
170
0
260
368
511
380
509
511
255
360
191
312
511
255
0
134
418
503
510
382
205
496
63
255
116
19
508
511
511
215
389
511
511
329
379
327
256
0
0
386
64
0
64
222
511
511
447
256
0
288
0
361
191
511
447
59
95
511
219
383
183
2
248
511
219
192
501
297
64
260
511
511
507
511
447
511
511
459
355
391
510
415
479
447
511
440
511
511
495
191
451
511
31
480
511
249
448
386
52
256
135
146
407
380
511
511
479
511
511
498
447
62
510
444
511
479
511
511
151
288
239
8
0
0
296
502
511
511
390
511
511
495
511
69
18
2
0
333
489
7
73
0
383
511
383
511
88
424
150
112
461
123
7
31
3
178
391
251
319
446
507
493
98
249
501
223
511
255
507
511
511
255
8
510
487
511
439
193
132
91
256
255
479
495
470
406
503
25
146
511
511
40
52
125
510
475
506
382
132
511
322
505
447
511
255
383
255
30
0
0
7
8
134
487
303
0
0
0
128
0
0
0
479
511
471
486
487
106
511
341
438
511
503
379
511
511
95
62
511
511
127
434
502
505
336
455
487
499
48
158
31
507
65
64
420
5
511
253
0
0
0
288
48
255
479
10
64
448
62
216
508
360
55
27
7
382
503
511
357
172
32
468
335
79
511
249
376
2
510
463
511
511
471
32
16
0
0
256
0
31
144
319
256
64
95
511
457
506
511
487
446
215
507
509
183
511
511
511
511
365
69
0
503
469
320
144
406
498
510
422
255
309
365
320
296
176
245
0
323
511
495
71
0
32
0
208
251
359
122
383
478
495
511
509
503
151
0
448
292
0
36
0
18
0
381
186
32
292
320
56
463
479
327
383
507
27
8
32
344
16
379
88
509
511
507
218
9
511
496
491
0
288
11
222
0
0
216
4
489
0
0
0
1
487
255
511
248
260
0
0
2
59
0
0
2
0
0
2
8
193
503
127
509
495
246
250
479
503
0
0
4
4
268
64
510
511
128
18
390
511
255
511
486
332
256
0
2
0
0
184
447
511
511
508
128
0
367
463
431
511
126
0
20
388
508
1
0
16
0
0
260
357
511
251
455
61
32
0
0
256
300
511
494
132
511
475
311
507
255
383
511
495
219
0
0
288
0
495
38
128
195
249
511
72
144
0
64
487
505
235
503
438
218
503
352
0
128
2
0
128
448
108
422
459
207
479
451
2
0
6
40
0
64
269
128
0
325
219
256
0
159
319
471
511
479
511
511
118
95
493
511
263
0
447
36
365
510
511
511
511
0
0
56
262
471
59
511
503
511
511
256
24
381
511
511
473
300
502
509
473
329
295
511
507
509
511
511
446
479
9
507
511
255
259
352
511
292
1
447
511
503
319
432
504
510
511
144
0
400
50
511
511
507
487
447
479
511
319
18
4
64
511
511
479
20
123
155
479
191
479
511
511
253
37
91
383
511
438
511
127
19
4
1
388
0
2
0
308
383
383
447
377
8
89
8
320
1
0
128
0
66
0
64
23
508
511
511
508
328
3
8
0
0
128
343
222
507
467
446
219
205
493
179
32
261
111
132
0
203
434
128
256
447
491
215
380
272
329
44
511
292
37
511
511
471
511
150
121
32
59
504
511
511
325
1
0
403
75
72
486
251
188
261
511
447
511
260
134
256
257
0
0
96
0
200
464
64
58
90
0
128
0
5
24
152
2
0
0
240
66
317
319
56
8
316
255
511
8
48
40
511
479
256
0
36
381
451
15
511
511
207
495
511
455
7
64
24
0
292
479
422
447
73
128
0
511
471
63
478
10
446
408
0
104
2
25
450
104
8
470
7
0
55
383
509
88
350
508
192
80
128
24
2
408
56
256
384
38
132
7
0
471
510
511
72
507
470
255
495
511
383
510
0
0
59
511
510
255
312
475
511
511
504
179
0
423
0
211
360
0
16
438
399
471
511
507
16
446
457
64
0
134
328
89
511
257
109
511
152
263
128
36
499
471
509
255
511
16
4
4
298
0
4
144
511
255
511
216
422
359
509
505
511
249
511
511
253
321
292
507
383
368
505
285
211
3
0
64
419
509
376
507
503
447
0
0
434
55
104
436
4
16
448
32
63
1
509
0
31
0
73
511
71
260
365
511
219
511
511
4
6
51
502
65
0
384
203
0
0
503
457
255
447
511
223
64
511
511
471
511
506
179
32
7
455
0
128
2
2
511
503
319
510
64
495
3
4
0
317
0
210
2
8
511
495
155
258
5
504
509
0
418
96
498
55
31
130
4
196
272
511
255
511
510
360
195
0
0
257
185
507
481
446
444
389
511
293
128
0
111
37
1
64
95
27
511
4
128
511
255
0
0
0
134
16
0
0
9
37
32
0
4
4
44
0
256
0
0
4
0
8
104
0
511
502
210
214
503
456
8
144
454
0
96
0
0
2
311
511
511
511
486
144
510
8
0
0
191
198
511
509
0
146
146
0
1
0
124
73
0
8
256
23
0
0
64
0
292
511
511
511
495
323
511
510
472
0
507
503
184
56
0
0
255
59
511
510
509
294
510
511
511
343
466
73
22
335
511
382
439
507
160
16
150
58
511
511
501
64
8
0
2
139
507
248
471
109
146
0
320
0
434
479
176
16
4
0
0
9
0
152
54
168
402
0
2
144
293
40
262
1
511
511
250
111
40
439
327
8
511
319
0
130
449
438
292
447
492
203
447
495
454
18
409
123
511
447
495
510
41
379
255
62
0
32
64
32
445
475
511
506
2
256
295
88
422
479
251
319
383
511
511
511
479
63
376
121
0
256
91
0
249
511
511
151
73
0
20
321
1
451
507
0
3
18
32
208
151
305
225
59
471
200
2
63
372
0
8
128
178
384
256
0
0
16
511
511
377
507
128
511
511
463
4
453
311
294
320
510
511
184
388
511
406
0
0
128
146
7
261
510
381
508
511
1
8
176
511
31
507
511
444
217
510
511
511
511
511
511
446
67
125
489
264
328
3
0
0
8
256
506
511
23
441
511
73
128
0
300
511
509
442
507
127
264
64
128
0
0
0
0
256
76
64
146
0
2
511
260
8
32
16
423
263
209
498
49
351
367
511
511
511
121
511
511
128
16
448
324
1
6
91
511
511
254
511
511
506
510
461
511
445
198
443
128
511
0
510
383
191
495
383
509
511
510
26
511
511
37
499
210
4
1
479
511
502
24
128
0
0
260
4
18
333
0
8
0
16
15
333
511
511
477
511
479
471
495
127
95
251
255
367
511
511
255
436
378
383
471
511
325
495
511
511
150
0
64
10
511
511
511
511
511
479
507
511
7
0
0
4
1
276
511
511
511
511
511
219
57
503
127
447
153
503
511
511
479
51
16
0
0
0
147
15
79
61
479
496
447
406
255
511
217
296
40
64
190
319
511
447
443
472
364
453
26
0
208
256
256
0
0
128
450
0
108
384
0
186
64
0
320
511
511
506
506
511
256
288
40
0
64
32
104
359
64
511
381
0
96
256
366
452
439
327
511
511
383
31
193
256
0
455
495
251
12
0
296
511
445
493
0
0
4
4
55
511
209
260
2
288
0
256
23
511
495
255
399
510
255
503
509
191
503
511
211
68
8
10
511
1
509
35
320
146
0
4
0
0
0
64
0
70
0
0
4
146
121
264
77
16
356
138
257
386
487
60
485
0
67
65
0
320
0
288
262
250
466
0
2
329
511
500
2
41
0
66
510
510
511
509
508
452
301
8
1
503
494
0
4
1
9
502
497
440
406
0
509
479
3
64
306
360
45
153
261
0
8
0
5
196
191
511
255
2
0
0
29
222
218
511
16
5
200
8
0
0
260
0
88
511
511
0
66
505
32
256
367
511
511
383
511
511
491
502
506
502
511
509
255
223
495
510
477
250
255
502
209
264
256
487
377
223
246
261
63
511
1
0
0
375
44
7
0
6
0
32
0
509
59
508
88
223
493
251
15
50
0
376
383
255
215
59
0
130
0
0
256
16
8
0
0
0
0
73
329
480
383
5
137
18
0
0
0
130
303
511
324
32
502
511
511
479
511
54
0
9
88
487
509
511
511
440
66
138
511
511
511
511
508
511
502
511
511
494
96
383
255
509
503
509
511
447
4
11
508
0
278
91
463
511
508
292
511
511
253
323
455
511
367
511
146
158
380
511
509
447
504
64
1
8
0
8
0
0
4
431
511
509
73
456
0
256
130
0
56
495
479
376
511
510
511
478
463
200
3
501
424
499
8
40
439
511
509
495
471
67
65
511
452
27
0
22
507
190
18
56
258
502
511
511
511
382
495
510
507
447
439
19
432
0
5
463
316
0
52
311
60
429
187
147
192
503
439
16
66
131
494
511
511
2
12
511
511
511
510
509
144
328
144
0
32
219
505
484
192
128
2
0
0
327
272
183
457
375
79
510
499
8
216
381
507
511
255
127
219
61
311
253
511
447
377
365
8
0
0
4
4
0
256
0
0
256
49
4
308
13
347
442
365
272
96
0
455
479
383
511
365
332
484
436
445
26
511
479
383
379
466
511
511
495
381
225
4
64
128
64
0
79
491
511
479
503
295
77
127
255
511
511
511
511
511
110
0
56
479
255
489
0
288
88
495
175
296
511
511
319
0
0
0
0
1
379
390
128
489
63
508
475
34
2
292
73
0
0
64
36
0
66
0
0
328
319
439
63
321
261
0
13
0
0
16
507
511
511
121
511
507
65
8
0
0
7
12
300
310
182
359
511
511
255
72
457
441
383
511
511
509
386
0
80
2
0
0
0
422
256
20
0
146
97
292
0
511
511
37
0
0
0
2
0
495
8
511
511
505
511
511
499
109
511
383
510
511
486
383
364
316
182
199
503
511
511
511
318
510
0
384
125
24
0
0
0
0
8
0
0
0
507
511
511
215
463
130
451
446
0
262
18
56
4
507
511
16
219
143
506
511
511
474
66
4
0
16
263
130
24
32
8
428
269
511
3
0
508
511
511
400
0
386
64
267
439
210
511
45
511
511
258
152
495
0
2
0
0
2
128
510
511
191
495
511
0
0
0
194
391
386
511
186
0
384
154
511
383
383
511
460
503
510
511
479
25
446
510
64
38
459
503
503
511
511
511
511
509
111
0
0
9
0
45
36
256
261
367
511
219
4
0
2
128
0
18
0
0
104
187
495
511
383
511
438
511
511
495
511
511
361
342
0
1
0
208
0
223
354
510
510
511
511
377
239
511
479
377
123
468
320
182
336
47
479
511
323
431
511
509
505
292
256
146
310
128
40
335
386
511
511
75
201
403
234
304
313
247
511
503
215
391
495
510
494
6
481
505
0
0
6
435
384
128
0
64
510
511
511
507
223
506
509
384
0
322
495
36
0
272
0
0
493
18
0
135
10
260
320
511
511
509
439
186
219
6
0
130
8
510
239
0
447
511
511
85
6
36
203
420
511
495
509
511
423
0
146
507
383
200
0
12
48
376
0
128
223
329
300
382
134
326
511
263
131
312
48
0
4
192
256
0
8
257
304
121
495
479
4
0
40
15
128
2
292
12
503
125
34
0
1
0
367
75
427
327
56
128
130
16
6
499
511
127
61
48
18
380
511
511
446
510
477
511
511
451
193
0
4
52
351
511
511
507
495
461
155
395
4
0
0
0
33
256
0
0
0
0
367
65
0
32
12
269
507
511
499
0
0
187
438
511
311
511
495
93
511
503
511
383
487
0
511
511
294
328
0
111
146
475
296
146
9
146
66
383
256
1
4
0
448
377
121
361
255
506
511
511
475
495
45
87
128
203
208
68
123
499
219
4
0
0
0
508
16
4
56
0
201
128
0
0
5
0
457
47
207
32
16
64
4
0
0
73
211
317
0
1
0
9
125
4
1
4
260
69
0
1
496
0
201
128
2
310
504
64
485
5
9
9
0
92
359
74
390
503
462
408
247
506
503
511
194
510
509
511
504
511
383
511
511
255
511
255
31
479
503
383
509
511
479
255
219
32
494
36
193
0
1
8
457
78
447
179
206
451
506
479
320
0
172
0
144
492
36
3
374
32
495
451
503
511
511
510
288
61
201
384
507
369
493
439
0
0
5
356
6
128
0
16
9
473
511
63
191
511
511
450
16
0
32
6
50
256
0
24
0
320
251
449
64
407
306
511
319
255
16
384
0
329
27
506
511
374
23
206
6
48
166
16
37
255
499
511
511
509
377
9
0
0
0
49
511
475
4
0
2
416
69
444
505
511
216
64
0
16
210
461
503
487
264
416
96
40
127
511
484
503
56
89
0
0
0
0
128
72
64
0
250
237
72
3
63
503
511
127
502
63
511
493
511
325
0
0
0
128
0
383
510
383
510
463
64
138
0
0
40
406
16
256
32
137
503
479
511
480
0
511
8
0
0
304
0
0
0
194
447
48
256
0
0
0
128
0
507
364
511
511
487
504
511
509
375
122
493
463
494
511
487
509
506
388
1
0
457
136
127
351
23
493
253
509
479
487
0
0
7
259
301
511
495
511
73
356
128
55
495
511
288
502
185
511
511
503
511
255
508
3
64
0
72
507
0
1
431
511
509
63
2
0
69
0
0
0
443
25
450
152
193
484
439
508
32
0
384
0
0
4
199
451
511
479
255
254
0
64
511
511
511
503
60
502
221
511
381
296
254
8
0
64
16
367
511
137
0
8
400
351
150
374
304
0
501
8
104
328
4
1
511
511
439
58
190
67
36
493
379
0
458
422
128
128
0
16
16
4
36
8
0
192
120
6
150
144
495
447
73
0
0
24
0
503
220
471
127
56
24
488
502
88
6
32
89
64
64
16
0
202
254
383
510
510
151
439
58
288
0
210
495
308
437
25
511
381
256
258
323
359
9
36
56
479
318
361
386
511
447
63
335
304
356
505
43
8
0
2
32
48
16
364
288
9
489
250
511
511
258
294
511
511
90
0
0
1
1
0
0
1
16
22
262
80
176
503
511
442
247
367
127
511
12
293
511
495
511
511
211
65
199
64
320
60
146
2
508
447
511
0
0
190
511
510
489
511
216
0
0
0
112
471
130
248
192
0
0
485
418
40
0
0
384
376
344
8
385
256
313
100
406
104
386
507
511
511
407
479
1
0
0
16
0
0
494
365
511
511
492
511
383
263
367
2
0
2
0
32
0
511
511
511
509
367
499
0
13
497
52
502
404
447
511
509
511
506
511
511
37
320
501
461
260
292
260
404
36
203
511
491
383
511
438
0
260
449
1
40
69
23
1
0
433
73
292
352
0
0
193
0
17
471
4
56
64
509
255
255
508
511
8
131
16
0
3
18
0
327
406
192
0
8
73
22
8
215
389
256
44
479
509
447
509
511
171
48
64
0
14
128
0
0
4
0
31
495
48
0
351
511
511
511
310
0
502
511
506
511
511
48
176
438
376
143
511
511
101
33
0
0
0
0
67
25
4
0
8
30
190
202
4
55
319
470
503
511
511
248
509
251
314
255
511
251
24
19
511
511
447
187
64
2
0
310
219
506
272
292
0
0
2
16
0
73
48
64
128
464
333
0
16
0
325
292
511
105
147
503
507
511
1
32
288
34
511
511
511
134
407
502
502
8
192
384
511
383
253
493
247
120
511
507
511
407
221
511
447
511
511
502
316
0
91
223
511
251
251
446
47
451
508
275
0
350
256
99
505
0
0
8
511
511
510
251
0
4
272
511
251
511
511
511
411
251
69
146
438
230
292
365
509
36
40
1
0
16
445
55
511
511
88
495
447
487
511
292
143
36
249
2
0
301
509
511
503
4
0
0
0
40
320
7
8
6
384
402
19
129
10
0
0
64
3
79
509
511
120
40
1
0
0
0
403
511
391
479
511
447
510
511
255
510
177
235
0
0
288
319
9
50
383
435
509
511
495
474
455
511
511
89
4
0
0
0
0
74
208
0
8
18
256
16
164
511
511
351
319
16
6
0
447
511
223
510
439
187
390
255
445
465
319
509
447
511
511
479
4
1
255
508
400
8
32
0
16
32
11
239
463
146
343
255
511
383
507
255
249
13
497
459
383
383
491
383
479
312
315
64
128
239
277
43
32
0
251
510
511
511
511
495
0
8
121
511
511
503
113
256
487
510
447
474
3
128
0
511
381
511
507
67
130
443
357
64
415
506
191
130
364
388
0
0
137
4
472
183
320
4
0
0
19
217
0
7
256
218
0
454
447
511
511
178
182
511
499
319
435
475
0
0
0
264
127
383
447
511
511
511
443
324
104
64
0
5
0
0
0
2
0
0
320
439
256
450
511
383
143
447
511
367
384
356
0
6
0
0
0
0
0
423
52
80
0
130
1
474
463
2
58
88
2
1
296
7
7
319
510
463
127
455
511
504
319
33
505
511
511
486
256
292
73
32
488
511
511
219
437
383
509
511
135
219
509
511
64
1
384
474
0
256
0
386
0
176
8
0
0
4
0
128
0
128
20
0
0
144
130
18
128
0
256
64
1
215
0
499
455
511
15
249
511
511
509
493
0
73
288
36
36
510
507
511
251
511
511
383
511
457
0
128
0
2
288
2
0
44
256
316
180
382
511
508
16
132
246
511
16
497
1
0
260
16
89
219
511
511
511
54
511
325
454
495
375
478
47
511
130
450
288
0
304
132
383
510
439
479
507
475
511
511
511
89
511
333
0
493
381
422
503
43
1
511
383
511
511
503
511
367
511
503
77
0
32
72
0
23
0
64
256
321
381
47
511
511
203
54
191
511
255
255
193
511
511
124
511
127
511
511
0
67
511
511
493
511
511
383
431
0
0
18
8
40
0
0
2
265
496
455
510
89
0
32
274
503
503
130
66
217
64
4
40
221
64
0
0
147
321
0
16
0
144
502
239
128
1
256
57
8
450
317
210
320
498
128
0
0
0
4
10
34
505
62
0
0
0
0
4
47
263
0
1
131
402
208
64
0
41
0
293
8
511
509
210
0
0
321
0
0
247
496
343
389
255
507
255
493
158
503
511
511
381
383
255
472
511
510
45
105
0
207
263
511
455
260
9
184
73
2
32
223
324
4
72
0
441
511
503
511
447
511
495
36
150
74
48
128
32
361
15
0
450
24
218
0
466
2
511
511
511
511
511
505
511
494
511
65
1
80
0
0
8
65
375
383
7
0
0
0
32
384
511
251
511
58
510
447
505
446
255
260
16
344
443
383
383
511
511
510
511
504
439
510
164
423
32
0
0
1
10
1
0
262
511
511
44
32
0
6
249
367
510
511
511
511
384
0
0
384
73
0
134
40
32
0
0
16
452
381
504
0
0
0
147
192
2
0
0
0
1
57
463
447
384
16
128
21
8
0
223
479
27
479
511
341
0
2
432
511
128
128
0
0
388
511
509
511
367
511
135
6
90
475
383
2
484
219
511
511
192
193
65
320
0
8
432
218
319
248
65
0
64
0
0
0
0
20
105
191
190
511
511
479
154
66
373
0
0
256
0
32
511
511
511
495
9
249
52
60
0
36
57
0
0
0
0
33
290
0
39
474
444
201
32
442
508
216
13
0
0
8
381
319
501
86
8
251
511
447
499
132
130
0
0
0
25
511
88
65
128
436
0
34
502
447
420
19
231
219
0
77
511
7
0
486
16
318
511
511
292
56
319
509
507
272
284
503
63
511
479
511
471
4
40
184
184
251
471
8
509
507
509
475
479
318
280
260
0
400
109
511
511
511
473
32
0
2
197
264
384
480
0
4
292
48
294
511
507
136
2
288
511
243
34
48
0
128
0
4
128
501
151
511
511
367
130
508
367
255
129
0
36
0
0
16
6
251
75
73
0
144
56
0
317
511
509
511
421
480
511
511
509
309
292
470
383
503
64
235
500
511
510
447
296
74
8
4
0
218
69
8
325
407
0
288
511
511
511
223
509
360
479
511
255
254
44
49
440
128
310
0
491
32
485
304
352
6
6
0
292
0
7
61
511
159
503
495
511
495
511
508
510
18
192
510
510
447
329
128
0
256
0
0
252
312
34
455
506
58
217
0
16
0
457
65
8
342
0
2
0
442
3
155
285
295
406
193
293
507
365
475
508
0
511
104
365
511
41
500
507
255
104
48
0
2
257
361
0
37
199
494
503
511
511
511
511
511
64
52
511
511
239
495
511
511
511
253
0
352
248
27
0
402
466
24
27
128
495
511
511
447
509
495
336
0
1
365
255
253
509
511
511
511
511
503
19
146
455
6
0
128
97
479
510
511
318
64
301
72
495
463
0
0
256
0
128
219
280
502
434
90
349
511
511
511
499
0
402
511
511
500
511
511
447
511
380
303
319
455
296
8
306
184
6
11
0
4
73
75
28
257
64
88
0
0
0
0
160
434
1
128
0
65
491
511
506
22
1
224
0
0
321
64
0
146
359
68
0
272
128
0
1
32
72
511
475
475
196
191
479
447
179
7
351
399
0
0
16
356
464
511
507
296
451
18
16
0
16
4
295
303
133
4
493
511
511
479
478
506
214
511
511
63
77
249
479
471
12
256
0
16
130
0
0
160
457
251
120
261
479
383
351
510
451
475
34
308
473
511
511
468
381
503
511
511
511
511
511
255
447
448
151
0
4
329
166
102
0
0
151
128
448
0
56
282
147
64
441
33
383
511
502
507
379
408
255
508
364
511
125
511
510
511
511
511
248
292
507
489
414
0
294
318
510
448
316
16
0
262
16
95
144
380
429
32
0
36
4
0
88
504
511
511
72
380
511
495
365
510
475
508
6
511
511
507
479
495
511
511
511
511
32
0
128
0
256
5
8
308
135
57
135
32
364
16
0
0
224
50
130
73
98
0
0
64
146
139
447
507
495
479
223
255
508
0
507
447
511
511
254
1
0
329
511
447
503
511
463
506
384
508
511
506
24
448
0
40
32
139
0
435
511
511
447
263
352
58
376
431
490
511
511
511
447
511
144
24
0
58
32
357
365
446
511
511
511
503
511
463
59
381
194
0
0
0
256
0
0
0
0
509
503
511
511
489
93
130
128
16
318
376
0
0
0
50
1
64
456
0
182
123
511
509
493
511
335
55
79
32
460
86
496
424
503
500
436
502
367
6
510
123
511
255
150
319
511
185
0
0
256
32
260
36
256
128
0
0
511
511
511
511
455
256
190
3
0
0
508
263
0
18
202
479
511
511
439
505
319
253
487
312
0
0
0
256
380
510
255
255
505
31
383
457
320
0
32
256
178
447
95
511
383
507
195
443
510
511
383
253
511
511
511
511
231
211
511
210
509
447
383
454
0
356
511
63
255
422
20
25
128
0
0
32
8
64
128
0
146
64
73
0
0
58
178
479
511
511
402
494
3
0
24
65
381
303
509
448
232
511
58
32
0
25
91
0
121
509
365
402
255
485
501
511
367
511
511
511
511
511
511
104
438
2
128
7
319
128
64
256
510
375
255
292
96
479
100
4
424
511
488
383
190
146
511
503
511
32
383
88
203
48
294
415
505
58
0
215
511
383
511
90
312
448
146
5
511
510
492
447
438
3
479
479
250
463
511
511
495
447
432
490
128
386
508
223
123
54
479
511
447
510
511
511
29
72
511
511
511
454
400
16
0
375
254
136
0
130
8
0
366
402
43
130
256
0
9
511
495
511
303
64
128
69
320
256
0
380
8
505
365
214
193
511
0
0
16
0
0
457
0
32
40
511
464
383
511
381
506
4
0
382
507
63
379
128
479
147
191
503
444
511
123
146
0
160
0
1
16
8
106
203
2
0
0
0
0
150
0
256
120
146
130
511
122
3
0
64
105
223
390
507
510
382
438
272
511
154
255
508
0
0
333
179
463
511
507
182
12
0
292
0
48
0
0
0
0
62
511
383
251
1
4
329
0
32
128
159
184
193
0
64
71
190
511
511
495
511
357
32
200
38
447
447
261
261
130
0
511
510
127
195
0
0
10
24
352
8
0
280
507
150
7
183
128
16
16
66
32
4
0
83
32
0
440
239
507
511
511
463
319
511
42
0
67
511
511
507
475
511
511
511
511
479
254
511
327
193
44
400
4
363
448
383
495
479
511
69
0
64
0
0
4
8
452
510
255
221
511
383
248
218
4
471
511
511
379
446
130
2
68
0
55
367
511
511
511
130
479
256
64
497
364
270
361
297
219
327
436
454
36
20
304
511
487
507
511
56
414
391
203
0
0
16
387
66
0
256
1
508
0
4
8
255
447
511
318
479
438
47
12
511
479
32
0
0
0
194
270
478
511
128
9
0
32
4
16
0
361
511
479
76
511
383
130
130
72
24
382
377
8
0
130
34
0
1
308
511
218
59
511
479
511
479
511
439
58
155
0
133
121
509
357
292
0
0
511
511
376
511
503
511
374
442
2
248
358
2
75
193
36
260
222
494
110
509
192
48
0
0
72
27
23
0
444
511
511
447
378
292
3
248
0
0
0
3
365
494
256
22
0
444
505
503
511
511
479
487
511
27
479
422
509
511
508
236
493
495
231
0
402
503
188
511
471
383
370
63
444
12
16
211
111
485
451
410
200
503
159
36
303
498
61
123
465
333
511
295
507
365
209
308
373
507
511
20
382
0
336
482
449
34
24
0
12
0
383
503
473
256
3
461
511
511
505
70
383
510
53
303
218
407
466
495
511
510
24
101
511
455
510
146
0
0
0
67
130
0
0
384
50
176
511
415
511
511
239
511
32
0
32
0
72
128
0
103
8
0
0
428
73
0
144
511
250
507
1
0
375
510
2
0
32
0
4
365
511
448
265
201
8
256
260
6
64
467
260
511
1
0
438
12
438
503
511
219
300
344
503
406
439
478
509
511
477
64
164
423
0
507
342
4
496
18
186
365
483
504
247
383
452
0
258
0
34
0
495
511
9
383
324
510
511
509
511
383
511
510
335
424
495
508
450
75
404
379
511
511
510
207
27
186
260
16
2
448
0
9
258
136
0
258
479
503
510
511
511
511
446
510
123
511
223
367
13
511
511
455
223
511
508
344
251
479
489
457
0
455
103
128
511
455
24
128
292
87
178
255
504
56
495
446
135
511
349
1
2
93
308
2
0
0
24
0
64
4
0
0
0
256
508
104
231
223
511
511
511
511
408
19
399
0
0
162
32
256
381
128
391
36
128
256
448
128
279
87
52
0
0
0
481
496
511
128
438
0
440
511
383
493
446
192
72
381
144
511
511
223
121
492
508
511
511
511
503
443
30
292
511
511
191
511
511
511
503
511
0
0
0
352
48
191
510
292
0
0
8
32
7
219
479
187
511
479
495
511
511
463
448
0
365
255
511
507
333
448
298
476
0
8
128
320
64
364
0
147
463
40
0
0
0
130
105
457
0
0
0
1
0
511
493
511
255
511
247
255
59
17
36
191
511
377
509
32
105
167
40
0
191
144
511
376
509
432
191
509
509
390
0
128
0
479
318
166
0
152
65
253
511
507
0
218
191
506
306
383
507
72
260
365
511
399
91
511
495
507
155
511
507
511
505
0
36
130
375
511
336
306
31
508
0
0
509
503
365
448
128
0
0
0
16
357
73
1
315
0
176
6
0
450
357
0
390
134
0
324
438
132
79
511
511
378
1
255
504
479
511
255
182
383
64
356
503
511
511
455
253
511
335
198
73
479
511
0
5
0
32
0
128
63
147
479
381
511
510
144
479
509
505
146
292
168
511
415
13
328
0
0
0
136
295
1
33
0
58
191
485
511
487
510
511
511
183
16
0
0
0
0
0
4
308
511
509
119
0
390
127
509
507
66
1
12
288
0
256
66
509
255
479
478
383
432
384
372
463
319
468
287
73
447
360
48
95
461
503
383
312
289
36
352
256
6
247
479
255
511
11
19
458
511
489
443
511
451
495
63
447
448
57
299
469
308
0
0
164
109
503
511
303
511
511
16
288
64
0
0
128
511
511
261
506
376
36
8
0
0
1
329
499
510
254
511
488
0
52
511
247
260
420
192
502
511
467
342
0
448
251
495
467
5
19
0
0
0
128
0
16
260
38
63
506
365
45
415
438
251
439
511
454
479
510
508
503
464
61
383
511
383
511
495
0
296
255
511
103
8
502
195
445
511
511
507
511
511
504
239
319
495
457
511
159
127
447
508
506
252
428
0
144
255
511
319
0
58
352
507
313
16
507
63
479
407
511
495
190
17
510
511
1
19
511
105
124
235
503
128
178
148
256
0
0
0
59
503
249
511
369
64
292
147
479
494
511
294
66
288
205
73
319
489
36
64
256
192
9
2
0
320
511
511
471
507
223
489
495
12
0
511
479
510
231
436
3
24
67
21
0
0
24
495
105
319
511
504
511
440
271
351
511
511
511
487
0
186
323
128
0
0
57
15
96
303
4
40
479
319
511
509
509
407
447
311
0
130
511
511
511
511
511
247
511
365
511
471
511
461
293
438
16
288
0
0
400
511
255
63
511
511
509
447
0
0
0
472
364
466
4
0
327
1
191
191
447
50
104
217
0
52
191
479
487
32
16
77
0
288
272
147
0
1
0
386
22
262
407
447
495
255
0
0
6
16
98
1
61
335
263
45
0
73
0
36
0
24
80
4
248
447
493
24
0
324
0
0
456
420
0
483
442
0
0
0
0
144
22
1
360
60
342
128
152
256
144
0
321
32
32
1
0
22
511
255
65
32
154
508
6
452
487
511
255
511
495
361
479
511
484
495
183
511
511
511
511
495
339
511
0
460
382
4
0
64
0
384
511
511
510
316
511
242
0
1
77
65
16
484
511
320
0
15
507
457
503
511
479
511
16
120
0
8
3
319
511
471
511
509
511
28
4
0
0
0
72
387
449
330
474
455
2
0
0
128
4
511
400
20
439
511
511
511
479
511
0
292
320
128
32
0
32
509
434
509
511
510
18
192
318
56
4
488
24
508
511
463
271
36
310
511
66
14
30
4
510
509
511
383
91
256
9
203
511
479
511
73
255
461
131
507
511
511
147
511
511
502
509
511
487
1
0
0
0
144
400
65
209
511
478
330
256
453
256
409
32
32
0
71
383
255
511
127
21
440
0
0
0
11
336
485
22
81
0
0
33
64
477
511
383
48
48
409
217
446
383
367
64
0
0
152
17
0
134
471
500
503
495
509
504
51
511
511
511
132
0
508
184
292
0
2
66
407
325
32
32
24
16
129
511
511
383
255
18
65
0
0
128
0
0
0
32
20
455
1
256
0
0
128
288
0
130
406
495
479
510
247
478
511
232
24
48
0
511
128
507
505
383
382
1
64
3
503
8
472
507
311
439
249
495
510
134
295
451
1
0
487
503
511
329
503
383
448
0
2
0
88
48
384
194
207
131
509
511
509
383
503
410
8
506
375
445
191
511
495
425
487
388
0
0
88
0
0
2
359
361
324
260
4
130
1
447
511
495
510
247
495
219
186
511
479
389
511
511
479
511
250
308
511
421
272
194
320
304
195
0
310
121
13
150
1
383
511
41
440
20
64
8
455
483
511
251
505
511
383
280
0
0
18
503
511
511
311
463
511
109
256
0
32
0
6
2
16
0
0
4
8
1
59
182
0
467
503
390
61
505
56
280
511
304
32
0
493
223
57
172
511
511
511
511
511
479
245
502
377
510
223
509
503
495
201
365
505
509
503
199
455
447
367
0
390
199
160
0
0
0
502
359
64
511
511
511
507
363
0
150
475
416
0
0
9
64
0
50
438
0
3
177
262
0
292
96
381
192
474
303
511
511
507
28
18
16
0
0
8
0
0
16
0
16
0
128
246
511
111
0
359
71
33
219
255
380
360
511
509
511
471
503
511
319
281
209
504
447
503
455
507
510
511
0
511
511
203
493
502
511
510
27
32
0
365
452
79
371
7
479
383
511
131
132
511
195
495
264
293
310
511
423
248
271
0
56
56
267
402
67
0
438
240
315
0
20
256
0
1
1
511
411
510
120
500
511
487
16
0
160
511
511
192
2
0
16
49
511
502
495
511
495
463
495
429
62
4
0
0
327
511
478
0
0
64
504
383
511
421
34
511
511
511
127
511
367
509
301
450
503
479
511
506
503
9
0
109
263
511
506
0
0
1
416
144
56
0
2
3
475
63
479
121
383
130
144
123
127
304
32
50
0
0
505
103
511
511
506
475
501
255
502
507
511
455
4
1
0
16
179
479
67
11
48
154
511
336
8
0
0
504
511
467
211
329
0
94
175
63
0
256
452
470
507
511
125
511
503
475
255
511
511
510
366
383
0
48
0
0
0
0
0
500
0
16
448
504
422
91
479
1
45
0
383
255
146
155
144
4
0
0
3
260
511
447
131
210
320
2
24
4
1
1
152
72
48
8
4
159
2
8
129
6
50
159
0
262
130
26
16
16
56
1
90
255
511
475
511
63
0
1
384
2
23
0
511
511
7
0
160
0
0
312
479
503
444
64
0
0
16
507
152
416
0
0
406
95
208
150
2
52
8
16
16
16
448
256
183
495
455
511
406
64
24
60
495
153
287
510
390
18
8
7
503
365
335
64
0
0
0
128
0
0
1
0
60
463
159
16
258
45
290
52
111
382
319
12
0
0
0
0
16
128
0
39
390
247
511
493
310
63
64
18
128
0
22
0
508
479
511
503
479
66
511
511
511
447
255
63
384
0
0
280
0
0
226
25
511
302
320
128
511
486
511
507
406
502
191
383
509
479
511
511
511
109
32
36
4
134
496
4
5
65
38
0
8
484
32
165
488
72
384
509
509
479
255
19
313
472
192
120
71
459
511
511
511
447
511
130
448
0
1
30
127
151
64
0
0
0
500
504
1
64
463
182
475
504
27
23
146
120
128
0
438
32
68
32
1
0
0
0
6
434
511
249
511
495
453
454
144
128
8
306
36
203
145
511
511
32
0
191
511
382
41
260
318
77
0
0
64
2
450
88
494
263
390
0
72
422
0
9
448
492
510
375
457
320
256
152
128
23
26
191
503
511
310
500
416
0
0
66
303
511
19
40
0
40
123
508
7
0
0
0
1
503
511
511
511
511
510
511
507
511
510
40
504
443
507
493
511
511
511
510
0
144
251
507
224
192
76
96
1
497
511
254
479
510
288
0
56
407
511
511
447
314
333
493
121
255
12
0
56
308
261
183
383
138
8
7
0
1
0
0
4
431
511
22
381
383
391
211
207
192
0
0
0
0
450
20
128
439
66
44
109
511
67
457
511
495
0
0
0
24
9
434
64
4
1
64
2
0
4
333
97
0
155
500
0
442
464
329
511
446
379
256
0
0
432
6
292
511
71
219
493
128
0
4
2
0
64
481
0
65
0
0
64
0
40
64
67
479
507
446
407
510
6
289
420
507
128
65
32
1
0
0
105
89
0
8
367
292
507
511
463
255
383
511
407
511
511
440
19
32
195
0
502
503
304
211
200
1
310
32
111
16
510
56
511
479
231
511
511
111
4
0
448
0
128
0
256
125
447
436
30
432
4
64
5
37
20
365
511
447
194
271
0
4
292
511
459
72
0
128
292
81
132
313
119
431
22
511
46
0
70
419
251
62
400
511
511
381
8
0
56
67
256
0
0
293
0
120
269
146
479
200
511
446
507
67
0
2
129
116
511
511
367
15
255
375
493
447
511
511
509
511
511
507
477
167
127
321
48
151
2
256
0
449
262
83
0
0
0
127
383
311
88
244
479
511
296
32
0
0
0
260
449
0
65
32
10
314
511
383
444
293
47
511
507
511
308
0
0
26
254
0
33
63
32
0
16
0
15
223
109
32
33
438
511
511
254
510
466
2
49
0
349
511
255
487
240
0
507
511
463
511
511
506
255
511
127
511
511
73
1
263
505
487
479
60
127
495
479
479
495
452
247
383
255
507
506
256
192
112
0
32
72
32
0
0
0
16
26
470
301
219
316
272
4
2
0
132
384
277
439
479
493
11
511
446
414
439
438
0
377
211
507
511
495
0
0
0
0
292
0
383
511
431
511
347
511
511
509
503
511
511
511
379
390
40
8
402
362
511
130
293
1
96
80
0
479
511
391
218
0
16
0
0
0
83
55
0
56
511
498
191
258
0
2
16
0
4
0
2
256
20
176
384
64
0
292
436
510
406
6
415
128
379
383
255
364
310
256
1
255
420
503
258
128
381
479
383
0
503
16
179
390
52
373
80
22
464
386
178
312
263
0
356
0
0
2
257
0
256
0
96
0
224
511
511
511
279
511
511
67
38
0
475
508
0
4
32
448
296
32
9
80
73
144
382
511
511
471
447
501
65
0
0
192
0
7
455
15
381
33
511
447
156
19
495
447
511
511
328
0
0
104
41
0
506
447
511
446
439
160
303
510
495
132
316
505
503
202
44
507
494
510
467
431
503
511
511
365
511
155
217
481
0
0
257
0
0
471
511
447
511
288
0
448
55
449
511
447
511
511
511
4
2
254
292
256
0
0
72
32
511
511
111
507
367
294
503
167
411
217
209
36
447
158
16
24
8
211
487
44
48
7
2
352
258
472
503
503
289
495
511
511
511
480
0
68
511
511
510
511
303
327
0
0
0
287
493
383
511
470
511
511
255
383
447
511
511
511
448
0
360
16
360
0
56
288
328
258
196
0
32
64
36
67
16
0
400
0
15
150
383
14
493
123
288
210
511
223
420
312
24
288
328
0
365
16
0
446
219
237
511
511
511
3
384
474
292
147
200
304
448
6
511
511
511
479
459
13
6
1
506
0
0
434
153
2
511
0
256
0
182
207
383
219
511
511
455
511
473
384
341
359
510
487
442
502
446
407
511
22
0
8
447
510
0
24
22
5
237
479
511
41
16
0
4
1
132
327
105
320
452
511
511
295
294
511
367
0
18
510
446
150
447
237
507
495
52
129
24
4
0
32
0
511
511
511
511
423
510
173
255
455
376
64
511
511
332
479
479
10
4
15
495
324
0
0
217
447
502
496
511
255
503
511
511
511
509
508
511
511
168
0
0
67
144
215
261
365
365
48
96
248
511
300
0
16
28
201
0
248
292
191
495
511
146
335
510
511
219
72
491
510
509
495
31
511
0
146
256
3
16
0
456
175
324
249
318
79
128
152
251
255
383
1
320
1
260
42
56
511
503
511
90
333
507
359
2
134
63
16
1
128
32
0
9
22
194
510
383
511
251
480
457
455
510
510
255
432
255
502
16
381
500
0
2
434
304
125
73
0
0
2
129
2
16
336
384
292
381
511
184
319
511
495
1
265
128
128
0
0
16
7
140
61
205
344
8
23
0
3
288
256
0
16
48
0
408
199
16
311
379
376
5
192
511
383
511
479
32
4
0
32
292
256
448
0
0
0
191
5
183
509
250
511
511
383
357
447
509
31
215
121
256
6
0
456
255
400
24
313
64
0
0
56
511
511
510
39
4
260
289
0
0
2
1
192
0
18
457
511
147
406
463
56
0
32
194
223
16
8
44
511
253
211
319
511
356
511
510
510
511
511
511
316
505
251
443
90
511
319
511
511
383
457
511
383
4
8
0
16
2
1
73
89
78
208
503
511
510
16
24
304
495
320
7
463
134
0
0
0
8
0
12
447
461
477
40
62
203
503
511
313
151
367
511
511
493
439
372
219
511
311
256
53
56
448
511
511
367
411
509
505
511
450
437
511
455
376
0
20
0
0
308
0
453
448
447
511
88
219
511
511
511
511
250
381
365
239
1
65
473
446
381
178
366
51
485
4
48
383
95
390
323
406
308
507
511
479
218
511
375
191
72
400
73
381
260
263
367
16
249
223
511
286
363
16
61
259
511
447
511
511
502
383
217
207
230
211
450
502
255
383
495
31
154
188
1
292
477
510
255
127
367
453
487
477
509
511
511
154
511
511
295
248
128
1
154
0
390
382
448
250
325
376
422
256
383
447
50
146
56
0
201
318
16
0
37
128
1
364
495
511
511
207
511
470
0
6
507
479
511
463
247
505
455
375
446
511
511
507
302
439
155
294
0
0
0
38
129
64
495
511
255
223
475
511
477
511
239
127
223
251
127
511
255
62
509
511
511
150
507
446
361
9
65
0
0
12
367
257
194
484
72
0
0
325
446
0
0
48
91
511
479
511
479
40
511
383
510
507
199
31
128
0
95
439
4
32
0
0
214
223
508
509
495
382
0
0
0
12
242
5
0
454
256
49
160
36
154
1
0
160
72
455
506
511
508
255
511
333
0
297
0
16
0
48
310
66
420
186
48
128
440
491
511
511
127
39
294
186
256
302
8
16
329
465
303
97
16
0
0
40
50
8
436
367
447
166
0
303
254
511
112
262
251
255
0
486
511
471
503
511
511
511
479
511
365
511
150
0
8
510
511
509
353
493
496
0
192
46
461
2
0
0
0
455
16
376
511
509
511
53
384
128
8
1
16
0
47
511
438
463
511
511
510
511
255
511
207
511
511
509
466
0
0
71
187
511
503
240
0
4
4
40
484
495
503
509
185
383
420
232
293
27
367
511
447
509
53
0
440
209
318
303
382
379
251
300
65
256
145
17
3
292
33
16
2
0
0
8
146
163
2
16
0
452
260
439
256
27
493
251
511
479
0
32
57
187
510
201
64
144
0
0
152
147
67
406
0
178
7
0
64
256
199
376
511
511
511
5
332
502
225
383
511
59
64
74
0
63
367
511
189
508
511
370
367
511
255
493
1
176
447
508
0
16
320
0
328
0
0
16
0
319
511
511
313
504
447
498
438
511
347
511
255
438
0
32
0
0
0
510
54
449
443
511
511
511
365
0
0
32
0
0
65
0
0
120
1
0
49
257
6
64
324
16
315
492
507
430
511
187
218
508
495
511
430
4
56
66
0
2
6
57
474
0
0
384
32
301
511
447
301
64
148
511
383
16
428
361
511
427
139
131
74
365
503
511
511
63
214
57
377
503
511
511
509
511
447
503
509
509
248
494
356
61
120
0
123
495
493
16
0
0
130
48
0
0
129
128
3
257
0
343
3
0
0
0
32
509
511
507
475
187
511
356
72
463
511
255
511
505
511
493
130
56
2
489
495
475
130
506
24
128
0
128
130
16
402
15
267
511
511
475
255
364
292
0
0
128
466
510
27
495
511
511
45
511
511
248
439
300
255
447
272
0
381
511
383
511
386
507
437
511
502
507
511
510
511
511
511
511
55
421
511
504
247
383
507
219
0
32
1
510
511
511
511
488
0
263
319
383
511
505
200
21
365
8
64
3
128
448
382
144
16
0
0
89
447
503
0
0
316
132
0
